0 0 2.062090
1 0 140.255001
1 1 164.686984
2 0 0.127827
2 1 0.539443
2 2 1.816725
2 3 1.555420
2 4 2.089526
2 5 1.554857
2 6 1.602599
3 0 0.753895
3 1 1.039696
3 2 0.708776
3 3 1.575664
3 4 1.284114
3 5 1.669333
3 6 1.152289
3 7 2.299147
3 8 1.179347
4 0 0.441855
4 1 3.627780
4 2 4.560813
4 3 5.076348
4 4 1.560768
4 5 12.298200
4 6 0.380032
4 7 3.684873
4 8 4.525258
4 9 5.047580
4 10 1.501495
4 11 12.529464
5 0 -0.450114
5 1 -0.506256
5 2 -0.466840
5 3 -0.577958
6 0 1.078696
6 1 1.305853
7 0 1.574755
7 1 1.748802
7 2 5.850418
7 3 9.834391
7 4 2.208863
7 5 1.977327
7 6 4.437041
7 7 2.615834
7 8 2.507654
7 9 1.848843
8 0 5.167935
8 1 2.090276
8 2 6.785554
8 3 2.654094
8 4 0.639078
8 5 2.404060
8 6 2.223576
8 7 11.599601
8 8 0.666557
8 9 5.199698
8 10 2.650623
8 11 11.261673
8 12 2.406330
8 13 0.843215
8 14 2.976659
9 0 3.031896
9 1 4.637946
9 2 7.120366
9 3 3.302488
9 4 3.676613
9 5 80.684343
10 0 5.840857
10 1 4.709631
10 2 5.406611
10 3 5.081659
10 4 5.160928
10 5 5.081699
10 6 8.232502
10 7 6.274448
10 8 14.253262
10 9 5.834297
11 0 3.440401
11 1 4.751297
11 2 4.535302
11 3 16.080468
11 4 8.042873
11 5 6.147079
11 6 8.623392
11 7 4.499281
11 8 14.398476
11 9 3.379552
11 10 4.751297
11 11 4.655096
11 12 19.523298
11 13 7.924881
11 14 6.148055
11 15 8.499498
11 16 4.434522
11 17 14.272530
12 0 17.984207
12 1 50.843033
12 2 10.963357
12 3 5.556253
12 4 42.342967
12 5 24.829120
12 6 24.331719
12 7 78.121056
12 8 17.987613
12 9 48.397200
12 10 12.339944
12 11 5.265336
12 12 42.424608
12 13 28.473582
12 14 18.775596
12 15 78.026093
13 0 48.080989
13 1 1.479149
13 2 2.130719
13 3 51.372988
13 4 45.187258
13 5 2.402920
13 6 2.940250
13 7 48.808625
13 8 1.528573
13 9 2.192232
13 10 52.256637
13 11 49.573627
13 12 2.379030
13 13 2.975885
14 0 -0.702360
14 1 -1.951088
14 2 0.029878
14 3 0.011850
14 4 0.299717
14 5 0.278911
14 6 -0.625455
14 7 -0.894583
14 8 0.764362
14 9 -0.229803
15 0 0.387940
15 1 0.941296
16 0 0.726072
16 1 0.749573
16 2 1.505978
16 3 2.363923
16 4 2.142489
17 0 4.768132
17 1 1.639677
17 2 1.467376
17 3 1.646666
17 4 5.538782
17 5 2.217600
17 6 2.310930
17 7 2.262342
17 8 6.014446
17 9 5.958237
17 10 5.464841
17 11 2.459255
18 0 3.228999
18 1 2.963864
18 2 3.317532
18 3 3.224439
18 4 3.263292
18 5 3.444738
18 6 3.754464
18 7 3.848829
19 0 0.073117
19 1 2.342560
19 2 -0.199371
19 3 -0.057926
19 4 0.010767
19 5 2.431925
19 6 1.595142
19 7 2.321799
20 0 17.138001
20 1 3.228479
20 2 79.188457
20 3 2.994571
20 4 3.580689
20 5 23.492185
20 6 5.529613
20 7 13.956995
21 0 0.300017
21 1 0.616050
21 2 1.412284
21 3 1.607449
21 4 1.970950
21 5 8.614229
21 6 2.042316
21 7 2.543826
21 8 2.888785
21 9 20.832249
22 0 3.838653
22 1 3.159011
23 0 2.062090
24 0 3.464231
24 1 2.599459
24 2 3.629738
24 3 3.881743
24 4 2.518903
24 5 3.020957
24 6 13.314220
24 7 42.636930
24 8 3.791687
24 9 4.252274
25 0 0.364005
25 1 0.938733
25 2 1.809895
25 3 2.002983
25 4 1.482493
25 5 2.024938
25 6 1.683647
25 7 1.188496
25 8 1.976173
25 9 1.963364
26 0 -0.110123
26 1 1.243528
27 0 0.871805
27 1 1.036671
27 2 1.319557
27 3 1.460535
27 4 1.447553
27 5 1.510536
27 6 2.073313
27 7 1.613274
27 8 1.339023
27 9 1.910730
27 10 2.030241
28 0 0.008054
28 1 1.497368
28 2 2.706278
28 3 2.837968
29 0 -0.934181
29 1 -0.813894
29 2 -0.773766
29 3 -0.729270
30 0 1.684432
30 1 1.500769
31 0 0.910451
31 1 1.587463
31 2 1.390069
31 3 2.610814
31 4 2.553871
31 5 2.541643
31 6 2.235766
32 0 0.069383
32 1 -1.912241
32 2 -0.673981
32 3 -1.918980
32 4 0.301877
32 5 -0.893463
32 6 -0.206389
32 7 2.302998
32 8 5.334430
33 0 2.666925
33 1 2.234785
33 2 2.287194
33 3 2.539663
33 4 3.736699
33 5 2.880505
33 6 2.787967
33 7 3.242702
33 8 3.671463
33 9 2.940672
34 0 1.906613
34 1 2.618289
34 2 2.017545
34 3 1.906613
34 4 2.034948
34 5 2.148704
34 6 2.089292
34 7 2.061036
34 8 2.618289
34 9 2.962128
34 10 3.028016
34 11 1.808118
34 12 2.699282
34 13 2.017545
34 14 1.937416
34 15 2.332964
34 16 2.247374
34 17 1.949877
35 0 2.667480
35 1 3.784457
35 2 3.264608
35 3 3.619161
35 4 3.888204
35 5 3.586046
35 6 2.996918
35 7 3.977298
35 8 4.246136
36 0 2.849392
36 1 3.560799
36 2 4.325450
36 3 2.849392
36 4 2.816658
36 5 2.785678
36 6 3.010429
36 7 3.074904
36 8 3.560799
36 9 3.526418
36 10 3.559628
36 11 2.715250
36 12 3.507296
36 13 4.325450
36 14 4.213724
36 15 3.300700
36 16 4.118935
36 17 4.212599
37 0 2.669669
38 0 1.651545
38 1 3.157261
39 0 1.922862
39 1 3.941899
40 0 6.966832
40 1 7.102896
40 2 7.217667
41 0 7.262931
42 0 8.651299
42 1 3.064184
42 2 2.863942
42 3 3.754999
42 4 3.612943
42 5 18.737974
42 6 9.410389
42 7 3.074556
42 8 3.961602
42 9 3.988262
43 0 0.672487
43 1 1.276548
43 2 4.148103
43 3 0.736167
43 4 0.789496
43 5 1.572017
43 6 1.639370
43 7 0.768429
43 8 3.320493
43 9 1.730259
43 10 1.758127
43 11 0.370467
43 12 1.705754
44 0 1.225890
44 1 2.257381
44 2 1.571745
44 3 2.290514
44 4 5.582642
44 5 3.121904
44 6 3.399374
45 0 -0.240013
45 1 0.547976
45 2 1.523253
45 3 -0.240013
45 4 -0.382977
45 5 -0.242286
45 6 -0.099337
45 7 -0.173423
45 8 0.547976
45 9 0.653735
45 10 0.376578
45 11 0.619395
45 12 0.774970
45 13 1.523253
45 14 1.605666
45 15 1.439774
45 16 1.758852
45 17 1.575397
46 0 1.674796
46 1 2.034250
46 2 3.302152
47 0 0.654720
48 0 4.631032
48 1 1.449866
48 2 1.286944
48 3 0.855723
48 4 79.149035
48 5 13.295962
48 6 0.596959
48 7 1.971555
48 8 93.329191
48 9 1.837103
49 0 7.182918
49 1 11.986511
49 2 7.371612
49 3 7.440324
49 4 7.225585
49 5 11.902923
49 6 12.177599
49 7 12.177754
50 0 5.074179
50 1 6.778060
50 2 8.829562
51 0 41.522065
51 1 28.141061
52 0 13.525190
52 1 16.852658
52 2 11.535258
52 3 13.525190
52 4 13.530922
52 5 16.852658
52 6 16.883681
52 7 11.535258
52 8 11.472067
53 0 5.637925
53 1 5.658540
53 2 5.584711
54 0 -0.251031
55 0 1.853448
56 0 -0.293210
57 0 0.096288
57 1 2.665780
57 2 6.588064
57 3 8.247282
57 4 9.207931
57 5 7.155691
57 6 0.256240
57 7 3.468094
57 8 3.491558
58 0 -0.889674
58 1 0.857150
58 2 0.074771
58 3 -0.332589
58 4 0.457335
58 5 19.180468
58 6 0.083810
58 7 24.202250
58 8 -1.958039
58 9 0.090527
58 10 7.143835
59 0 -1.038908
59 1 -0.149249
59 2 -0.031911
59 3 1.118222
59 4 1.719575
59 5 1.079764
60 0 0.832767
60 1 0.853559
60 2 1.052403
60 3 2.256324
60 4 1.377753
60 5 1.423290
60 6 23.328498
60 7 25.070381
60 8 9.198628
61 0 6.090079
61 1 0.888282
61 2 122.050694
61 3 27.204619
61 4 2.013025
61 5 117.082780
61 6 126.702695
61 7 11.509114
62 0 19.057262
62 1 22.961837
62 2 7.107035
62 3 15.363500
62 4 15.102568
62 5 8.366452
62 6 8.320859
62 7 10.897481
63 0 4.556785
63 1 4.411355
63 2 5.389481
63 3 4.282950
63 4 5.358245
63 5 10.819822
63 6 5.500258
63 7 13.251080
64 0 2.062090
65 0 4.960706
65 1 4.666847
66 0 1.811807
66 1 3.093206
67 0 7.436575
67 1 7.417837
67 2 10.147601
68 0 1.036442
68 1 3.324818
68 2 3.234466
68 3 1.028578
68 4 -0.149801
68 5 0.723030
68 6 2.607680
68 7 3.293302
68 8 3.279991
68 9 1.509405
68 10 2.466237
68 11 3.200147
69 0 0.921739
69 1 2.256748
69 2 2.234386
69 3 0.921739
69 4 1.291637
69 5 1.213700
69 6 1.052413
69 7 0.993758
69 8 2.256748
69 9 2.290642
69 10 2.261131
69 11 1.411216
69 12 2.162837
69 13 2.234386
69 14 2.150664
69 15 1.108890
69 16 2.349143
69 17 2.051880
70 0 2.062090
71 0 2.062090
72 0 2.940053
72 1 3.458273
72 2 3.749697
72 3 3.590888
72 4 3.574059
72 5 4.024044
72 6 3.577426
72 7 4.298454
72 8 4.188440
73 0 10.131046
73 1 10.302000
73 2 9.407675
73 3 10.037262
73 4 10.176584
73 5 10.172927
73 6 10.008956
73 7 10.296635
74 0 2.062090
75 0 2.132608
75 1 3.845431
76 0 2.119984
76 1 2.212175
77 0 0.771098
77 1 2.141262
78 0 1.553050
79 0 -0.561741
79 1 1.467646
79 2 0.610403
79 3 22.567614
79 4 4.068716
79 5 37.109185
80 0 1.689061
80 1 1.751630
80 2 7.268119
80 3 1.689061
80 4 1.490920
80 5 1.817622
80 6 1.862043
80 7 1.573024
80 8 1.751630
80 9 1.880414
80 10 1.083883
80 11 1.847783
80 12 1.749110
80 13 7.268119
80 14 4.385804
80 15 3.962878
80 16 3.064522
80 17 3.829060
81 0 4.553567
81 1 14.208206
81 2 9.426538
82 0 0.525756
82 1 1.253371
82 2 2.652967
82 3 0.525756
82 4 0.722763
82 5 0.726363
82 6 0.637399
82 7 0.410396
82 8 1.253371
82 9 1.109640
82 10 1.131341
82 11 1.336203
82 12 1.091387
82 13 2.652967
82 14 2.640275
82 15 2.628466
82 16 1.692398
82 17 2.565853
83 0 0.456776
83 1 0.346861
83 2 2.846570
83 3 2.915643
84 0 -0.070176
84 1 0.232580
84 2 1.087103
84 3 0.782531
84 4 1.450557
84 5 3.355670
85 0 0.822090
86 0 -1.752460
87 0 0.907633
87 1 0.250085
87 2 0.972489
87 3 0.951854
87 4 1.430856
87 5 0.593888
87 6 1.382276
87 7 1.335205
87 8 11.820352
88 0 0.417788
88 1 -0.380407
88 2 10.795442
88 3 1.453778
88 4 0.743894
88 5 0.821136
88 6 1.929090
88 7 1.594914
88 8 2.090952
88 9 1.517379
88 10 1.653552
89 0 -2.200898
89 1 -0.926144
89 2 0.934247
89 3 -0.041990
89 4 12.606484
89 5 5.299525
89 6 -3.049859
89 7 -0.924380
89 8 0.861478
89 9 -0.323558
89 10 12.479760
89 11 5.195001
90 0 -0.581550
90 1 2.120845
90 2 -0.596871
90 3 -0.335956
90 4 -0.492168
90 5 2.146674
90 6 1.356294
90 7 2.079010
91 0 0.031160
91 1 6.353939
91 2 -0.496960
91 3 0.499993
91 4 5.762491
91 5 10.907595
92 0 0.139013
92 1 0.335211
92 2 2.089995
92 3 0.139013
92 4 0.268023
92 5 0.167656
92 6 0.324614
92 7 0.371185
92 8 0.335211
92 9 0.344974
92 10 0.579635
92 11 0.452332
92 12 0.422041
92 13 2.089995
92 14 1.925851
92 15 1.999767
92 16 1.041477
92 17 1.820507
93 0 1.402484
93 1 1.607845
93 2 19.119367
93 3 1.397861
93 4 7.962722
93 5 2.599112
94 0 0.998194
95 0 -2.105266
96 0 -0.108025
96 1 1.707475
97 0 0.137136
97 1 0.168586
97 2 1.011548
97 3 0.852732
97 4 0.559198
97 5 0.082705
97 6 0.288895
98 0 1.010141
98 1 0.446857
98 2 1.102929
98 3 1.915206
98 4 1.217302
98 5 1.291849
98 6 2.157795
98 7 1.345996
98 8 2.235516
98 9 2.032619
98 10 1.218331
99 0 -1.850182
99 1 -1.870983
100 0 -1.019660
101 0 0.793373
101 1 0.376287
101 2 1.127401
101 3 2.034079
101 4 1.314881
101 5 2.023858
101 6 1.293727
101 7 2.025428
101 8 1.990179
101 9 1.882213
101 10 2.456180
102 0 75.493062
102 1 0.787748
102 2 91.123083
102 3 -1.115400
102 4 166.812465
102 5 -1.743582
102 6 25.642867
102 7 3.111502
103 0 1.120774
103 1 1.539785
103 2 1.502300
103 3 1.816404
103 4 1.392159
103 5 2.075429
103 6 2.010697
103 7 1.830938
103 8 1.900709
103 9 0.325087
103 10 4.459092
103 11 2.097795
103 12 2.738433
103 13 2.920757
104 0 0.751051
104 1 1.375930
104 2 2.118174
104 3 39.946675
104 4 0.569660
104 5 1.363984
104 6 2.312734
104 7 39.645860
105 0 1.369560
106 0 2.130296
106 1 1.254070
106 2 2.860792
107 0 2.077821
107 1 2.388633
107 2 2.683349
107 3 63.889034
107 4 3.543537
107 5 68.010228
108 0 3.216200
108 1 5.368051
108 2 4.732329
109 0 4.408672
109 1 4.933926
109 2 4.703041
109 3 5.025456
109 4 4.920699
109 5 5.009913
109 6 5.031124
109 7 5.404779
109 8 5.431468
110 0 5.966392
110 1 8.294130
110 2 6.076435
110 3 5.933709
110 4 6.144934
110 5 8.355680
110 6 8.543589
110 7 8.457459
111 0 2.062090
112 0 7.139003
112 1 7.992475
112 2 7.519379
112 3 8.049738
112 4 7.965899
112 5 7.761695
112 6 7.742322
112 7 7.871007
112 8 8.275320
113 0 3.452256
113 1 6.749794
113 2 3.391568
113 3 3.031971
113 4 2.879820
113 5 5.177364
113 6 4.906535
113 7 11.101358
113 8 4.019877
113 9 5.236612
114 0 66.032396
114 1 77.905791
114 2 5.731710
114 3 53.224400
114 4 46.115833
114 5 6.663958
114 6 6.760204
114 7 43.478418
115 0 5.668305
115 1 5.939546
115 2 5.538242
115 3 5.928122
115 4 6.014044
115 5 6.665254
115 6 5.876484
115 7 6.731403
115 8 6.385550
115 9 7.256798
116 0 2.842147
116 1 2.902482
116 2 3.335703
116 3 2.208117
116 4 1.475553
116 5 3.386235
116 6 13.260063
116 7 3.876662
116 8 8.554800
116 9 2.951656
117 0 2.062090
118 0 29.929425
118 1 31.036769
118 2 44.725974
118 3 25.652812
118 4 49.066802
118 5 16.501710
118 6 42.268522
118 7 18.754313
118 8 19.681527
118 9 17.623234
119 0 24.128732
119 1 33.564970
119 2 46.002673
119 3 24.321694
119 4 26.949230
119 5 29.159741
119 6 24.794133
119 7 36.696457
119 8 28.090232
119 9 36.513160
120 0 0.865260
121 0 1.474533
121 1 1.517577
121 2 2.765831
121 3 2.606866
122 0 0.432901
122 1 0.627036
122 2 1.684371
122 3 2.784989
123 0 1.884852
123 1 2.254866
123 2 1.756830
123 3 2.317477
123 4 2.455955
123 5 2.617431
123 6 2.911893
123 7 2.460051
123 8 2.748371
124 0 -2.907875
124 1 -2.183058
124 2 -1.378784
125 0 0.631408
125 1 2.369925
125 2 1.522994
126 0 -0.767304
126 1 0.057930
127 0 2.280420
128 0 6.437718
128 1 7.331552
128 2 7.445586
128 3 7.484629
128 4 7.286184
128 5 7.628687
128 6 6.579446
128 7 7.802651
128 8 8.021054
